            3 0 0 0 0 0 0 0 0 0 0 0 0 0 0 0 0 0 0 0 3
            3 0 0 0 0 0 0 0 0 0 0 0 0 0 0 0 0 0 0 0 3
            3 0 0 0 0 0 0 0 0 0 0 0 0 0 0 0 0 0 0 0 3
            3 0 0 3 3 3 3 3 3 3 3 3 3 3 3 3 3 0 0 0 3
            3 0 0 3 3 3 3 3 3 3 3 3 3 3 3 3 3 0 0 0 3
            3 0 0 0 0 0 0 0 0 0 0 0 0 0 0 0 3 0 0 0 3
            3 0 0 0 0 0 0 0 0 0 0 0 0 0 0 0 3 0 0 0 3
            3 0 0 0 0 0 0 0 0 0 0 0 0 0 0 0 3 0 0 0 3
            3 3 3 3 3 3 3 3 3 3 3 3 3 3 0 0 3 0 0 0 3
            3 0 0 0 0 0 0 0 0 0 0 0 0 0 0 0 3 0 0 0 3
            3 0 0 0 0 0 0 0 0 0 0 0 0 0 0 0 3 0 0 0 0
            3 0 0 0 0 0 0 0 0 0 0 0 0 0 0 0 3 0 0 0 0
            3 0 0 3 3 3 3 3 3 3 3 3 3 3 3 3 3 0 0 0 0
            0 0 0 3 3 3 3 3 3 3 3 3 3 3 3 3 3 0 0 0 0
            2 2 2 3 3 3 3 3 3 3 3 3 3 3 3 3 3 2 2 2 2
            4 4 4 4 4 4 4 4 4 4 4 4 4 4 4 4 4 4 4 4 4
BOOMERANG 64 704 960 704
BOOMERANG 64 448 960 448
BOOMERANG 64 128 1216 128
MOVING 1088 576 1216 576
