            3 0 0 0 0 0 0 0 0 3 3 0 0 0 0 0 0 0 0 0 0
            3 0 0 0 0 0 0 0 0 3 3 0 0 0 0 0 0 0 0 0 3
            3 0 0 0 0 0 0 3 3 0 0 0 0 0 0 0 0 0 0 0 3
            3 0 0 0 0 0 0 3 3 0 0 0 0 3 3 3 3 3 0 0 3
            3 0 0 0 0 3 3 0 0 0 0 0 0 3 3 3 3 3 0 0 3
            3 0 0 0 0 3 3 0 0 0 0 3 3 3 3 3 0 0 0 0 3
            3 0 0 3 3 0 0 0 0 0 0 3 3 3 3 3 0 0 0 0 3
            3 0 0 3 3 0 0 0 0 3 3 3 3 3 3 3 0 0 3 3 3
            3 3 3 0 0 0 0 0 0 3 3 3 3 3 3 3 0 0 3 3 3
            3 3 3 0 0 0 0 3 3 3 3 3 3 3 3 3 0 0 0 0 3
            3 0 0 0 0 0 0 3 3 3 3 3 3 3 3 3 0 0 0 0 3
            3 0 0 0 0 3 3 3 3 3 3 3 3 3 3 3 0 0 3 3 0
            3 0 0 0 0 3 3 3 3 3 3 3 3 3 3 3 0 0 3 3 0
            0 0 0 3 3 3 3 3 3 3 3 3 3 3 3 3 0 0 0 0 0
            2 2 2 3 3 3 3 3 3 3 3 3 3 3 3 3 2 2 2 2 2
            4 4 4 4 4 4 4 4 4 4 4 4 4 4 4 4 4 4 4 4 4
BOOMERANG 64 640 384 640
MOVING 192 512 512 512
BOOMERANG 320 384 640 384
MOVING 448 256 768 256
BOOMERANG 576 128 1216 128
BOOMERANG 1024 832 1024 320
MOVING 1024 640 1216 640