            3 0 0 0 0 0 0 0 0 0 0 0 0 0 0 0 0 0 0 3 0
            3 0 0 3 3 0 0 0 0 3 3 0 0 0 0 0 0 0 0 3 0
            3 0 0 3 3 0 0 0 0 3 3 0 0 0 0 0 0 0 0 3 0
            3 0 0 0 0 3 3 0 0 0 0 3 3 0 0 3 0 0 0 3 0
            3 0 0 0 0 3 3 0 0 0 0 3 3 0 0 3 0 0 0 3 0
            3 0 0 3 3 0 0 0 0 3 3 0 0 0 0 3 0 0 0 3 0
            3 0 0 3 3 0 0 0 0 3 3 0 0 0 0 3 0 0 0 3 0
            3 0 0 0 0 3 3 0 0 0 0 3 3 0 0 3 0 0 0 3 0
            3 0 0 0 0 3 3 0 0 0 0 3 3 0 0 3 0 0 0 3 0
            3 0 0 3 3 0 0 0 0 3 3 0 0 0 0 3 0 0 0 3 0
            3 0 0 3 3 0 0 0 0 3 3 0 0 0 0 3 0 0 0 3 0
            3 0 0 0 0 3 3 0 0 0 0 0 0 3 3 3 0 0 0 0 0
            0 0 0 0 0 3 3 0 0 0 0 0 0 3 3 3 0 0 0 0 0
            0 0 0 3 3 0 0 0 0 3 3 0 0 0 0 3 0 0 0 0 0
            2 2 2 3 3 2 2 2 2 3 3 2 2 2 2 3 2 2 2 2 2
            4 4 4 4 4 4 4 4 4 4 4 4 4 4 4 4 4 4 4 4 4
BOOMERANG 128 832 128 0
BOOMERANG 448 768 448 0
BOOMERANG 448 768 768 768
MOVING 896 640 896 64
MOVING 1024 192 1152 192
MOVING 1024 640 1152 640

