            0 0 0 0 0 0 0 0 0 0 0 0 0 0 0 0 0 0 0 0 0
            0 0 0 0 0 0 0 0 0 0 0 0 0 0 0 0 0 0 0 0 0
            0 0 0 0 0 0 0 0 0 0 0 0 0 0 0 0 0 0 0 0 0
            0 0 0 0 0 0 0 0 0 0 0 0 0 3 3 0 0 0 0 0 0
            0 0 0 1 0 0 0 0 0 0 0 0 0 0 3 0 0 1 0 0 0
            0 1 1 1 1 1 0 0 0 0 0 0 3 0 0 1 1 1 1 1 0
            0 0 0 1 0 0 0 0 0 0 0 3 0 3 0 0 0 1 0 0 0
            0 1 1 1 1 1 0 0 0 0 0 0 0 0 0 1 1 1 1 1 0
            0 0 0 1 3 0 0 3 0 3 0 3 3 3 0 3 0 1 0 3 0
            0 0 0 1 3 0 0 3 0 3 0 3 0 0 0 3 3 1 0 3 0
            0 0 0 1 3 3 3 3 0 3 0 3 3 3 0 3 0 3 0 3 0
            0 0 0 1 3 0 0 3 0 3 0 3 0 0 0 3 0 1 3 3 0
            0 0 0 1 3 0 0 3 0 3 0 3 3 3 0 3 0 1 0 3 0
            0 0 0 1 0 0 0 0 0 0 0 0 0 0 0 0 0 1 0 0 0
            2 2 2 2 2 2 2 2 2 2 2 2 2 2 2 2 2 2 2 2 2
            4 4 4 4 4 4 4 4 4 4 4 4 4 4 4 4 4 4 4 4 4
BOOMERANG 0 896 1280 896
MOVING 192 768 192 448
MOVING 512 768 512 448
MOVING 640 768 640 448
MOVING 896 768 896 448
MOVING 1280 768 1280 448

